-0.5,-0.5,nan,0.09999999403953552
-0.5,-0.4,1.368639454329421e+17,0.08399999886751175
-0.5,-0.3,424210695234.51904,0.09600000083446503
-0.5,-0.2,235547042.48832,0.09200000017881393
-0.5,-0.1,1218953.43984,0.06799999624490738
-0.5,-0.0,34554.5853925,0.10199999809265137
-0.5,0.1,2417.36206203125,0.10399999469518661
-0.5,0.2,253.73484229492186,0.11599999666213989
-0.5,0.3,44.45138190917969,0.10399999469518661
-0.5,0.4,20.740304788208007,0.48799997568130493
-0.5,0.5,12.654922446289062,1.2719999551773071
-0.4,-0.5,1.5060142516827693e+17,0.07400000095367432
-0.4,-0.4,435010386484.26495,0.07400000095367432
-0.4,-0.3,233769727.47776,0.10999999940395355
-0.4,-0.2,1264350.00376,0.09399999678134918
-0.4,-0.1,33833.8612225,0.09399999678134918
-0.4,-0.0,2112.497963203125,0.10599999874830246
-0.4,0.1,222.54960989257813,0.12600000202655792
-0.4,0.2,36.52403135864258,0.18400000035762787
-0.4,0.3,16.156327713012697,1.503999948501587
-0.4,0.4,8.775844627990722,5.388000011444092
-0.4,0.5,6.714869155426025,4.139999866485596
-0.3,-0.5,454813584268.9843,0.07800000160932541
-0.3,-0.4,245302528.34816,0.08799999952316284
-0.3,-0.3,1312108.10588,0.09999999403953552
-0.3,-0.2,32686.79523,0.10799999535083771
-0.3,-0.1,1903.826694296875,0.09799999743700027
-0.3,-0.0,208.70819388183594,0.11800000071525574
-0.3,0.1,32.34633748901367,0.2719999849796295
-0.3,0.2,10.725521596984864,6.165999889373779
-0.3,0.3,4.949968804779052,21.826000213623047
-0.3,0.4,5.038019554138184,12.865999221801758
-0.3,0.5,6.652546730804444,1.6059999465942383
-0.2,-0.5,253863395.45088,0.09399999678134918
-0.2,-0.4,1357564.37568,0.08999999612569809
-0.2,-0.3,33436.09402625,0.09600000083446503
-0.2,-0.2,1753.976724765625,0.12199999392032623
-0.2,-0.1,194.1496724169922,0.11800000071525574
-0.2,-0.0,29.437303115234375,0.46399998664855957
-0.2,0.1,5.819492569274902,21.937999725341797
-0.2,0.2,2.4961929319763185,47.5620002746582
-0.2,0.3,3.6674433993530275,27.69999885559082
-0.2,0.4,6.237265566711426,3.0
-0.2,0.5,7.083779112701416,0.35199999809265137
-0.1,-0.5,1439482.73,0.10199999809265137
-0.1,-0.4,34568.319719375,0.09200000017881393
-0.1,-0.3,1707.816452421875,0.10399999469518661
-0.1,-0.2,176.1760493798828,0.1119999960064888
-0.1,-0.1,27.515686507568358,0.6200000047683716
-0.1,-0.0,3.370638428955078,41.09600067138672
-0.1,0.1,1.4467837452697754,65.46199798583984
-0.1,0.2,2.664820100097656,42.80799865722656
-0.1,0.3,5.782331396179199,5.354000091552734
-0.1,0.4,6.950212717285156,0.4599999785423279
-0.1,0.5,7.105082528381348,0.20999999344348907
-0.0,-0.5,35657.4630375,0.10599999874830246
-0.0,-0.4,1664.992198828125,0.10999999940395355
-0.0,-0.3,156.46691216796876,0.10799999535083771
-0.0,-0.2,29.047406499023438,0.49799999594688416
-0.0,-0.1,3.2215769242858885,42.71799850463867
-0.0,-0.0,1.1946300646209718,70.85199737548828
-0.0,0.1,2.0502874488830565,53.69599914550781
-0.0,0.2,5.364682475280762,8.656000137329102
-0.0,0.3,6.826836081848144,0.5360000133514404
-0.0,0.4,7.036600677185058,0.23399999737739563
-0.0,0.5,7.094996913909912,0.1459999978542328
0.1,-0.5,1530.2433384765625,0.10599999874830246
0.1,-0.4,144.9854116772461,0.12199999392032623
0.1,-0.3,33.25137868713379,0.25200000405311584
0.1,-0.2,5.36219469909668,24.099998474121094
0.1,-0.1,1.4895054205322265,64.71599578857422
0.1,-0.0,2.0718553903198242,53.279998779296875
0.1,0.1,5.201076396331787,10.185999870300293
0.1,0.2,6.744542474212646,0.6620000004768372
0.1,0.3,6.987326204986572,0.2459999918937683
0.1,0.4,7.054460291442871,0.15799999237060547
0.1,0.5,7.095322984466553,0.13199999928474426
0.2,-0.5,146.14434918945312,0.08799999952316284
0.2,-0.4,38.318959990234376,0.16599999368190765
0.2,-0.3,9.949352061157226,6.434000015258789
0.2,-0.2,2.7587541613769533,42.821998596191406
0.2,-0.1,2.9880131409454345,37.88999938964844
0.2,-0.0,5.57841805847168,7.251999855041504
0.2,0.1,6.744200941772461,0.7360000014305115
0.2,0.2,6.967046750183106,0.2719999849796295
0.2,0.3,7.028969118957519,0.17000000178813934
0.2,0.4,7.064741966705323,0.1459999978542328
0.2,0.5,7.105794659729004,0.12600000202655792
0.3,-0.5,44.62894102050781,0.10599999874830246
0.3,-0.4,15.597319110107422,0.937999963760376
0.3,-0.3,5.394882914886475,15.36199951171875
0.3,-0.2,4.870928892974853,15.387999534606934
0.3,-0.1,6.304191983947754,3.309999942779541
0.3,-0.0,6.82826183013916,0.6919999718666077
0.3,0.1,6.97327689743042,0.2680000066757202
0.3,0.2,7.019973507537842,0.16599999368190765
0.3,0.3,7.043333265228272,0.12999999523162842
0.3,0.4,7.077611799163819,0.13199999928474426
0.3,0.5,7.114458545227051,0.10199999809265137
0.4,-0.5,21.101207858276368,0.21400000154972076
0.4,-0.4,8.60517910736084,2.6399998664855957
0.4,-0.3,6.773952651672364,3.888000011444092
0.4,-0.2,6.990064436340332,1.2139999866485596
0.4,-0.1,6.974454709014893,0.5019999742507935
0.4,-0.0,7.010077477111817,0.2540000081062317
0.4,0.1,7.0268273503112795,0.1419999897480011
0.4,0.2,7.035932375488281,0.12199999392032623
0.4,0.3,7.059848924865722,0.09600000083446503
0.4,0.4,7.093301268157959,0.09799999743700027
0.4,0.5,7.121177199859619,0.10399999469518661
0.5,-0.5,11.72661666229248,0.4139999747276306
0.5,-0.4,8.019902392883301,0.8659999966621399
0.5,-0.3,7.503719544677734,0.4619999825954437
0.5,-0.2,7.154709774627686,0.3479999899864197
0.5,-0.1,7.0700736647033695,0.23600000143051147
0.5,-0.0,7.053066722259522,0.12999999523162842
0.5,0.1,7.046565315856934,0.10799999535083771
0.5,0.2,7.058758508453369,0.11599999666213989
0.5,0.3,7.0853443139648435,0.1119999960064888
0.5,0.4,7.1103416561889645,0.09799999743700027
0.5,0.5,7.132551279296875,0.08399999886751175
