-0.5,-0.5,nan,0.09999999403953552
-0.5,-0.4,3.7094142675921854e+19,0.1340000033378601
-0.5,-0.3,54104464974371.88,0.11800000071525574
-0.5,-0.2,74284722460.42624,0.10799999535083771
-0.5,-0.1,374073123.57632,0.09600000083446503
-0.5,-0.0,1660220.0613,0.10399999469518661
-0.5,0.1,49367.13537125,0.10599999874830246
-0.5,0.2,5565.2667575,0.11400000005960464
-0.5,0.3,363.2585696875,0.10399999469518661
-0.5,0.4,37.80303280639649,0.07599999755620956
-0.5,0.5,18.26846921661377,0.15199999511241913
-0.4,-0.5,1.5912387615088333e+19,0.10199999809265137
-0.4,-0.4,32591675025333.945,0.13599999248981476
-0.4,-0.3,12575625940.1728,0.08999999612569809
-0.4,-0.2,211968253.69856,0.09999999403953552
-0.4,-0.1,1383725.52876,0.10599999874830246
-0.4,-0.0,22157.751623125,0.14800000190734863
-0.4,0.1,1953.1577298046875,0.09399999678134918
-0.4,0.2,117.48243376708984,0.11800000071525574
-0.4,0.3,21.051016070556642,0.15799999237060547
-0.4,0.4,15.962341785507203,0.343999981880188
-0.4,0.5,10.504861156311035,0.421999990940094
-0.3,-0.5,48790469136068.12,0.07800000160932541
-0.3,-0.4,18142250564.32128,0.07000000029802322
-0.3,-0.3,74491433.38752,0.09799999743700027
-0.3,-0.2,793775.446095,0.09600000083446503
-0.3,-0.1,12763.3766025,0.11400000005960464
-0.3,-0.0,970.7491864453125,0.1119999960064888
-0.3,0.1,38.639869204101565,0.10799999535083771
-0.3,0.2,18.783904130401613,0.6859999895095825
-0.3,0.3,11.128481908721923,2.240000009536743
-0.3,0.4,8.127059979248047,1.6699999570846558
-0.3,0.5,7.452116996612549,0.5099999904632568
-0.2,-0.5,37673357267.43552,0.07999999821186066
-0.2,-0.4,155774647.9744,0.07800000160932541
-0.2,-0.3,962322.34144,0.08999999612569809
-0.2,-0.2,11153.0458634375,0.10199999809265137
-0.2,-0.1,610.3273925,0.09600000083446503
-0.2,-0.0,24.182174091796874,0.18599998950958252
-0.2,0.1,10.352892495956421,7.193999767303467
-0.2,0.2,4.723293578338623,23.915998458862305
-0.2,0.3,5.315401279296875,12.619999885559082
-0.2,0.4,6.723914984283447,1.5099999904632568
-0.2,0.5,6.978740142669678,0.3100000023841858
-0.1,-0.5,286872153.0624,0.11999999731779099
-0.1,-0.4,1811549.96076,0.0819999948143959
-0.1,-0.3,17169.15773796875,0.09399999678134918
-0.1,-0.2,452.9546475976563,0.085999995470047
-0.1,-0.1,25.98892608215332,0.3100000023841858
-0.1,-0.0,3.578307841587067,39.21799850463867
-0.1,0.1,1.5680571437358857,63.83199691772461
-0.1,0.2,2.811633939228058,40.619998931884766
-0.1,0.3,5.799913105773926,5.723999977111816
-0.1,0.4,6.846215243225098,0.48799997568130493
-0.1,0.5,6.968709367980957,0.1599999964237213
-0.0,-0.5,2814863.56858,0.085999995470047
-0.0,-0.4,44740.0295128125,0.11400000005960464
-0.0,-0.3,452.96986923828126,0.08999999612569809
-0.0,-0.2,27.919324865112305,0.24399998784065247
-0.0,-0.1,3.57630674803257,38.545997619628906
-0.0,-0.0,1.170077473200187,71.89399719238281
-0.0,0.1,1.7807907065963746,59.08799743652344
-0.0,0.2,4.925777132873535,14.526000022888184
-0.0,0.3,6.73721394821167,0.6899999976158142
-0.0,0.4,6.9492557679748534,0.16200000047683716
-0.0,0.5,6.977150991668701,0.12199999392032623
0.1,-0.5,75264.8566109375,0.12199999392032623
0.1,-0.4,583.6412795996093,0.11400000005960464
0.1,-0.3,27.68576517883301,0.17799998819828033
0.1,-0.2,6.658235690456629,15.315999984741211
0.1,-0.1,1.5061366636401414,64.7760009765625
0.1,-0.0,1.7751446336364747,59.444000244140625
0.1,0.1,4.615321142807007,19.142000198364258
0.1,0.2,6.666969321594238,0.9919999837875366
0.1,0.3,6.935848031768799,0.17000000178813934
0.1,0.4,6.971002690582275,0.10999999940395355
0.1,0.5,6.979365377807617,0.10599999874830246
0.2,-0.5,980.976739375,0.12199999392032623
0.2,-0.4,30.38551214904785,0.1459999978542328
0.2,-0.3,10.580632790985108,2.7960000038146973
0.2,-0.2,3.1897548484802245,36.62799835205078
0.2,-0.1,2.65191635099411,44.082000732421875
0.2,-0.0,4.976789786834717,15.041999816894531
0.2,0.1,6.659862221832276,1.1100000143051147
0.2,0.2,6.929810778045654,0.23600000143051147
0.2,0.3,6.966167835235596,0.14999999105930328
0.2,0.4,6.973294618225098,0.11999999731779099
0.2,0.5,6.977704415893554,0.12799999117851257
0.3,-0.5,79.91580151000977,0.10199999809265137
0.3,-0.4,14.280637122802734,0.4699999988079071
0.3,-0.3,6.542333729400635,7.195999622344971
0.3,-0.2,4.598455916175842,17.13399887084961
0.3,-0.1,5.783076787261963,6.71999979019165
0.3,-0.0,6.738308414001465,0.7960000038146973
0.3,0.1,6.943508429718017,0.28200000524520874
0.3,0.2,6.972757621765137,0.19599999487400055
0.3,0.3,6.973814327239991,0.15199999511241913
0.3,0.4,6.973841971740723,0.13199999928474426
0.3,0.5,6.975758429870606,0.10599999874830246
0.4,-0.5,29.59151350280762,0.13199999928474426
0.4,-0.4,9.768781601104736,0.7759999632835388
0.4,-0.3,6.584042288513183,3.053999900817871
0.4,-0.2,6.542444319458008,2.119999885559082
0.4,-0.1,6.8567585308837895,0.5139999985694885
0.4,-0.0,6.968969322357178,0.22199998795986176
0.4,0.1,6.987333918457031,0.1379999965429306
0.4,0.2,6.982652148590088,0.1119999960064888
0.4,0.3,6.976537432098389,0.09999999403953552
0.4,0.4,6.9743593342590335,0.10799999535083771
0.4,0.5,6.974393998870849,0.10199999809265137
0.5,-0.5,14.805975523986817,0.22599999606609344
0.5,-0.4,8.016433655090331,0.5859999656677246
0.5,-0.3,7.042848178710938,0.6579999923706055
0.5,-0.2,6.9736193077087405,0.34599998593330383
0.5,-0.1,6.9953732363891605,0.18400000035762787
0.5,-0.0,7.002687208557129,0.13199999928474426
0.5,0.1,6.994687654113769,0.11400000005960464
0.5,0.2,6.984230085296631,0.09999999403953552
0.5,0.3,6.977602029876709,0.09999999403953552
0.5,0.4,6.974773141937256,0.10199999809265137
0.5,0.5,6.973891384735108,0.10199999809265137
